0.5833974
0.81743896
0.863541
0.8901383
0.9017229
0.91372126
0.92625153
0.93829423
0.94868195
0.9571783
0.96209884
0.9655712
0.9690289
0.9725457
0.9719251
0.9743927
0.97437793
0.9761806
0.9764023
0.9778208
0.97820497
0.97841185
0.9788995
0.9788995
0.97985995
0.9812784
0.9808647
0.98121935
0.9813671
0.98197293
0.9820911
0.9822093
0.98350966
0.9838052
0.98290384
0.9844258
0.9839086
0.98321414
0.98364264
0.9840564
0.9852385
0.9843667
0.9838939
0.98476565
0.98590344
0.9847952
0.98481
0.98538625
0.985534
0.984943
