1.4478044144364914
0.541494681053751
0.40259875117480926
0.32842349752881095
0.2910623857137451
0.2564254037852732
0.22356267578993053
0.18914828102325898
0.15833301210345965
0.1366210182186092
0.12108041199967845
0.11136388038681166
0.10090038483845441
0.09419181787058667
0.09670941372233632
0.08715628584469931
0.09075741610123711
0.07988859683675219
0.0826148650336895
0.0796103790329682
0.0828651408795104
0.07971376236244877
0.07978968482573066
0.07792241312104882
0.07580090060201915
0.07287928347401891
0.07617748082365304
0.07280276151715309
0.07286947868355931
0.06902656708187802
0.07164959444486181
0.07457183433061841
0.07024237863831995
0.06968102603623447
0.07379948412957373
0.06751626843245256
0.07477408326568455
0.07643028421101285
0.0759042490152956
0.07419743880399757
0.07349954732007456
0.06965188555743378
0.07523782976616476
0.07395118794108797
0.06623977965590286
0.0743684008264461
0.07396358766879033
0.06925810454349846
0.07566776986390222
0.07534658835331765
